2.0000000054956706
2.0000000054956706
2.0000000054956706
2.0000000054956706
2.0000000054956706
2.0000000054956706
2.0000000054956706
2.0000000054956706
2.0000000054956706
2.0000000054956706
2.0000000054956706
2.0000000054956706
2.0000000054956706
2.0000000054956706
2.0000000054956706
2.0000000054956706
1.3219280495311703
1.3219280495311703
1.3219280495311703
1.3219280495311703
1.3219280495311703
1.3219280495311703
1.3219280495311703
1.3219280495311703
1.3219280495311703
1.3219280495311703
1.3219280495311703
1.3219280495311703
1.3219280495311703
1.3219280495311703
1.3219280495311703
1.3219280495311703
1.3219280495311703
1.3219280495311703
1.3219280495311703
0.8073548402624163
0.8073548402624163
0.8073548402624163
0.8073548402624163
0.8073548402624163
0.8073548402624163
0.8073548402624163
0.8073548402624163
0.8073548402624163
0.6780719129688376
0.6780719129688376
0.6780719129688376
0.5849624405965352
0.5849624405965352
0.5849624405965352
0.5849624405965352
0.5849624405965352
0.5849624405965352
0.5849624405965352
0.5849624405965352
0.5849624405965352
0.5849624405965352
0.5849624405965352
0.5849624405965352
0.5849624405965352
0.5849624405965352
0.5849624405965352
0.5849624405965352
0.5849624405965352
0.5849624405965352
0.5849624405965352
0.5849624405965352
0.5849624405965352
0.5849624405965352
0.5849624405965352
0.5849624405965352
0.5849624405965352
0.8479968344097355
0.6780719129688376
0.6780719129688376
0.6780719129688376
0.6780719129688376
0.6780719129688376
0.6780719129688376
0.6780719129688376
0.6780719129688376
0.6780719129688376
0.6780719129688376
0.6780719129688376
0.6780719129688376
0.6780719129688376
0.6780719129688376
0.6780719129688376
0.6780719129688376
0.6780719129688376
0.5849624405965352
0.5849624405965352
0.5849624405965352
0.5849624405965352
0.5849624405965352
0.5849624405965352
0.5849624405965352
0.5849624405965352
0.5849624405965352
0.5849624405965352
0.5849624405965352
0.5849624405965352
0.5849624405965352
0.5849624405965352
0.5849624405965352
0.5849624405965352
0.5849624405965352
0.514573209268754
0.514573209268754
0.514573209268754
0.514573209268754
0.514573209268754
0.514573209268754
0.514573209268754
0.514573209268754
0.514573209268754
0.514573209268754
0.514573209268754
0.514573209268754
0.514573209268754
0.514573209268754
0.514573209268754
0.514573209268754
0.514573209268754
0.514573209268754
0.514573209268754
0.514573209268754
0.514573209268754
0.514573209268754
0.514573209268754
0.514573209268754
0.514573209268754
0.514573209268754
0.514573209268754
0.514573209268754
0.514573209268754
0.514573209268754
0.514573209268754
0.514573209268754
0.514573209268754
0.514573209268754
0.514573209268754
0.514573209268754
0.514573209268754
0.514573209268754
0.514573209268754
0.514573209268754
0.514573209268754
0.514573209268754
0.7369655229433096
0.5849624405965352
0.5849624405965352
0.5849624405965352
0.5849624405965352
0.5849624405965352
0.5849624405965352
0.5849624405965352
0.5849624405965352
0.5849624405965352
0.5849624405965352
0.5849624405965352
0.5849624405965352
0.5849624405965352
0.5849624405965352
0.5849624405965352
0.5849624405965352
0.5849624405965352
0.5849624405965352
0.5849624405965352
0.5849624405965352
0.8479968344097355
0.6780719129688376
1.0000000027478353
0.8073548402624163
0.8073548402624163
0.8073548402624163
0.8073548402624163
0.8073548402624163
1.2223924024137165
1.0000000027478353
1.584962529335696
1.3219280495311703
1.3219280495311703
1.3219280495311703
1.3219280495311703
1.3219280495311703
1.3219280495311703
1.0000000027478353
1.0000000027478353
1.0000000027478353
1.0000000027478353
1.0000000027478353
1.0000000027478353
1.0000000027478353
1.0000000027478353
1.0000000027478353
1.0000000027478353
1.0000000027478353
1.0000000027478353
1.0000000027478353
1.0000000027478353
1.0000000027478353
1.0000000027478353
1.0000000027478353
1.0000000027478353
1.0000000027478353
1.0000000027478353
0.8073548402624163
0.6780719129688376
0.6780719129688376
0.6780719129688376
0.6780719129688376
0.6780719129688376
0.6780719129688376
0.6780719129688376
0.6780719129688376
0.6780719129688376
0.6780719129688376
0.6780719129688376
0.6780719129688376
0.6780719129688376
0.6780719129688376
0.6780719129688376
0.6780719129688376
0.6780719129688376
0.6780719129688376
0.6780719129688376
0.6780719129688376
0.6780719129688376
0.6780719129688376
0.6780719129688376
0.6780719129688376
0.6780719129688376
1.0000000027478353
0.8073548402624163
0.8073548402624163
0.8073548402624163
0.8073548402624163
0.8073548402624163
0.8073548402624163
0.8073548402624163
0.8073548402624163
1.2223924024137165
1.0000000027478353
1.0000000027478353
1.0000000027478353
1.0000000027478353
1.0000000027478353
1.0000000027478353
1.0000000027478353
1.0000000027478353
0.8073548402624163
0.8073548402624163
0.8073548402624163
0.8073548402624163
0.8073548402624163
0.8073548402624163
0.8073548402624163
0.8073548402624163
0.8073548402624163
0.8073548402624163
0.8073548402624163
0.8073548402624163
0.8073548402624163
0.6780719129688376
0.6780719129688376
0.6780719129688376
0.6780719129688376
0.5849624405965352
0.5849624405965352
0.5849624405965352
0.5849624405965352
0.514573209268754
0.514573209268754
0.514573209268754
0.514573209268754
0.514573209268754
0.514573209268754
0.514573209268754
0.514573209268754
0.514573209268754
0.514573209268754
0.514573209268754
0.45943157280550506
0.45943157280550506
0.45943157280550506
0.45943157280550506
0.45943157280550506
0.45943157280550506
0.45943157280550506
0.45943157280550506
0.4150375191556374
0.4150375191556374
0.4150375191556374
0.4150375191556374
0.4150375191556374
0.4150375191556374
0.4150375191556374
0.4150375191556374
0.4150375191556374
0.4150375191556374
0.4150375191556374
0.4150375191556374
0.4150375191556374
0.4150375191556374
0.4150375191556374
0.4150375191556374
0.4150375191556374
0.5849624405965352
0.45943157280550506
0.45943157280550506
0.45943157280550506
0.45943157280550506
0.45943157280550506
0.45943157280550506
0.45943157280550506
0.45943157280550506
0.45943157280550506
0.45943157280550506
0.45943157280550506
0.6520767352909241
0.514573209268754
0.7369655229433096
0.5849624405965352
0.5849624405965352
0.5849624405965352
0.514573209268754
0.514573209268754
0.514573209268754
0.514573209268754
0.514573209268754
0.514573209268754
0.514573209268754
0.514573209268754
0.514573209268754
0.514573209268754
0.514573209268754
0.514573209268754
0.514573209268754
0.7369655229433096
0.7369655229433096
0.8479968344097355
0.6780719129688376
0.6780719129688376
0.6780719129688376
0.6780719129688376
0.5849624405965352
0.5849624405965352
0.5849624405965352
0.5849624405965352
0.5849624405965352
0.5849624405965352
0.5849624405965352
0.5849624405965352
0.5849624405965352
0.5849624405965352
0.5849624405965352
0.514573209268754
0.514573209268754
0.514573209268754
0.514573209268754
0.514573209268754
0.514573209268754
0.514573209268754
0.514573209268754
0.514573209268754
0.514573209268754
0.514573209268754
0.514573209268754
0.514573209268754
0.514573209268754
0.514573209268754
0.514573209268754
0.514573209268754
0.514573209268754
0.45943157280550506
0.45943157280550506
0.45943157280550506
0.45943157280550506
0.45943157280550506
0.45943157280550506
0.45943157280550506
0.45943157280550506
0.45943157280550506
0.45943157280550506
0.45943157280550506
0.45943157280550506
0.45943157280550506
0.45943157280550506
0.45943157280550506
0.45943157280550506
0.45943157280550506
0.45943157280550506
0.45943157280550506
0.45943157280550506
0.45943157280550506
0.45943157280550506
0.6520767352909241
0.514573209268754
0.514573209268754
0.514573209268754
0.514573209268754
0.7369655229433096
0.5849624405965352
0.5849624405965352
0.8479968344097355
0.6780719129688376
0.6780719129688376
0.6780719129688376
0.6780719129688376
0.6780719129688376
0.6780719129688376
0.6780719129688376
0.6780719129688376
0.6780719129688376
0.6780719129688376
1.0000000027478353
0.8073548402624163
0.8073548402624163
0.8073548402624163
0.8073548402624163
0.8073548402624163
0.6780719129688376
0.6780719129688376
1.0000000027478353
0.8073548402624163
0.8073548402624163
0.8073548402624163
0.8073548402624163
0.6780719129688376
0.6780719129688376
0.6780719129688376
0.6780719129688376
0.6780719129688376
0.6780719129688376
0.6780719129688376
0.6780719129688376
0.6780719129688376
0.6780719129688376
0.6780719129688376
0.6780719129688376
0.5849624405965352
0.5849624405965352
0.5849624405965352
0.5849624405965352
0.5849624405965352
0.5849624405965352
0.5849624405965352
0.5849624405965352
0.5849624405965352
0.5849624405965352
0.514573209268754
0.514573209268754
0.514573209268754
0.514573209268754
0.514573209268754
0.514573209268754
0.514573209268754
0.514573209268754
0.514573209268754
0.514573209268754
0.514573209268754
0.514573209268754
0.514573209268754
0.514573209268754
0.514573209268754
0.514573209268754
0.514573209268754
0.514573209268754
0.514573209268754
0.514573209268754
0.514573209268754
0.514573209268754
0.514573209268754
0.514573209268754
0.514573209268754
0.514573209268754
0.514573209268754
0.514573209268754
0.7369655229433096
0.5849624405965352
0.5849624405965352
0.5849624405965352
0.5849624405965352
0.5849624405965352
0.5849624405965352
0.8479968344097355
0.6780719129688376
0.6780719129688376
0.6780719129688376
0.6780719129688376
0.6780719129688376
0.6780719129688376
0.6780719129688376
0.6780719129688376
0.6780719129688376
0.6780719129688376
0.6780719129688376
0.6780719129688376
0.6780719129688376
0.6780719129688376
0.6780719129688376
0.6780719129688376
0.6780719129688376
0.5849624405965352
0.5849624405965352
0.5849624405965352
0.5849624405965352
0.5849624405965352
0.5849624405965352
0.5849624405965352
0.5849624405965352
0.8479968344097355
0.6780719129688376
0.6780719129688376
0.6780719129688376
0.6780719129688376
0.6780719129688376
0.6780719129688376
0.6780719129688376
0.6780719129688376
0.6780719129688376
0.6780719129688376
0.6780719129688376
0.6780719129688376
0.6780719129688376
0.6780719129688376
0.6780719129688376
0.6780719129688376
0.6780719129688376
0.6780719129688376
0.6780719129688376
0.6780719129688376
0.6780719129688376
0.6780719129688376
0.6780719129688376
0.6780719129688376
0.6780719129688376
0.6780719129688376
0.6780719129688376
0.6780719129688376
0.6780719129688376
0.6780719129688376
0.6780719129688376
0.6780719129688376
0.6780719129688376
0.6780719129688376
0.6780719129688376
0.6780719129688376
0.6780719129688376
0.6780719129688376
0.6780719129688376
1.0000000027478353
0.8073548402624163
0.8073548402624163
0.8073548402624163
0.8073548402624163
1.2223924024137165
1.0000000027478353
1.0000000027478353
1.0000000027478353
1.0000000027478353
1.0000000027478353
1.0000000027478353
1.0000000027478353
1.0000000027478353
1.0000000027478353
1.0000000027478353
1.0000000027478353
1.0000000027478353
1.0000000027478353
1.0000000027478353
1.0000000027478353
1.0000000027478353
1.584962529335696
1.3219280495311703
1.3219280495311703
1.3219280495311703
1.3219280495311703
1.3219280495311703
1.3219280495311703
1.3219280495311703
1.3219280495311703
1.3219280495311703
1.3219280495311703
2.321928138270331
2.0000000054956706
2.0000000054956706
2.0000000054956706
2.0000000054956706
2.0000000054956706
2.0000000054956706
2.0000000054956706
2.0000000054956706
2.0000000054956706
2.0000000054956706
2.0000000054956706
2.0000000054956706
2.0000000054956706
2.0000000054956706
2.0000000054956706
2.0000000054956706
2.0000000054956706
2.0000000054956706
2.0000000054956706
2.0000000054956706
2.0000000054956706
2.0000000054956706
2.0000000054956706
2.0000000054956706
2.0000000054956706
2.0000000054956706
2.0000000054956706
2.0000000054956706
2.0000000054956706
2.0000000054956706
2.0000000054956706
2.0000000054956706
2.0000000054956706
2.0000000054956706
2.0000000054956706
2.0000000054956706
2.0000000054956706
2.0000000054956706
2.0000000054956706
2.0000000054956706
2.0000000054956706
2.0000000054956706
2.0000000054956706
2.0000000054956706
2.0000000054956706
2.0000000054956706
2.0000000054956706
2.0000000054956706
2.0000000054956706
2.0000000054956706
2.0000000054956706
2.0000000054956706
2.0000000054956706
2.0000000054956706
2.0000000054956706
2.0000000054956706
2.0000000054956706
2.0000000054956706
2.0000000054956706
2.0000000054956706
2.0000000054956706
2.0000000054956706
2.0000000054956706
2.0000000054956706
2.0000000054956706
2.0000000054956706
2.0000000054956706
2.0000000054956706
2.0000000054956706
2.0000000054956706
2.0000000054956706
2.0000000054956706
2.0000000054956706
2.0000000054956706
2.0000000054956706
2.0000000054956706
2.0000000054956706
2.0000000054956706
2.0000000054956706
2.0000000054956706
2.0000000054956706
2.0000000054956706
2.0000000054956706
2.0000000054956706
2.0000000054956706
2.0000000054956706
2.0000000054956706
2.0000000054956706
2.0000000054956706
2.0000000054956706
2.0000000054956706
2.0000000054956706
2.0000000054956706
2.0000000054956706
2.0000000054956706
2.0000000054956706
2.0000000054956706
2.0000000054956706
2.0000000054956706
2.0000000054956706
2.0000000054956706
2.0000000054956706
2.0000000054956706
2.0000000054956706
2.0000000054956706
2.0000000054956706
2.0000000054956706
2.0000000054956706
2.0000000054956706
2.0000000054956706
2.0000000054956706
2.0000000054956706
2.0000000054956706
2.0000000054956706
2.0000000054956706
2.0000000054956706
