2.0000000054956706
2.0000000054956706
2.0000000054956706
2.0000000054956706
2.0000000054956706
2.0000000054956706
2.0000000054956706
2.0000000054956706
2.0000000054956706
2.0000000054956706
2.0000000054956706
2.0000000054956706
2.0000000054956706
2.0000000054956706
2.0000000054956706
2.0000000054956706
2.0000000054956706
2.0000000054956706
2.0000000054956706
2.0000000054956706
2.0000000054956706
2.0000000054956706
2.0000000054956706
2.0000000054956706
2.0000000054956706
2.0000000054956706
2.0000000054956706
2.0000000054956706
2.0000000054956706
2.0000000054956706
2.0000000054956706
2.0000000054956706
2.0000000054956706
2.0000000054956706
2.0000000054956706
2.0000000054956706
2.0000000054956706
2.0000000054956706
2.0000000054956706
2.0000000054956706
2.0000000054956706
2.0000000054956706
2.0000000054956706
2.0000000054956706
2.0000000054956706
2.0000000054956706
2.0000000054956706
2.0000000054956706
2.0000000054956706
2.0000000054956706
2.0000000054956706
2.0000000054956706
2.0000000054956706
2.0000000054956706
2.0000000054956706
2.0000000054956706
2.0000000054956706
2.0000000054956706
2.0000000054956706
2.0000000054956706
2.0000000054956706
2.0000000054956706
2.0000000054956706
2.0000000054956706
2.0000000054956706
2.0000000054956706
2.0000000054956706
2.0000000054956706
2.0000000054956706
2.0000000054956706
2.0000000054956706
8.080373706106304
2.0000000054956706
2.0000000054956706
2.0000000054956706
2.0000000054956706
2.0000000054956706
2.0000000054956706
0.06258450814680742
0.06258450814680742
0.06258450814680742
0.06258450814680742
0.06258450814680742
0.06258450814680742
0.06258450814680742
0.06258450814680742
0.06258450814680742
0.031864359735956686
0.031864359735956686
0.031864359735956686
0.031864359735956686
0.031864359735956686
0.031864359735956686
0.031864359735956686
0.031864359735956686
0.031864359735956686
0.031864359735956686
0.031864359735956686
0.031864359735956686
0.02137358464151838
0.02137358464151838
0.02137358464151838
0.02137358464151838
0.02137358464151838
0.02137358464151838
0.02137358464151838
0.02137358464151838
0.02137358464151838
0.02137358464151838
0.02137358464151838
0.02137358464151838
0.02137358464151838
0.02137358464151838
0.02137358464151838
0.02137358464151838
0.02137358464151838
0.02137358464151838
0.02137358464151838
0.02137358464151838
0.02137358464151838
0.02137358464151838
0.02137358464151838
0.02137358464151838
0.02137358464151838
0.02137358464151838
0.02137358464151838
0.02137358464151838
0.02137358464151838
0.02137358464151838
0.02137358464151838
0.02137358464151838
0.02137358464151838
0.02137358464151838
0.02137358464151838
0.02137358464151838
0.02137358464151838
0.02137358464151838
0.02137358464151838
0.02137358464151838
0.02137358464151838
0.02137358464151838
0.02137358464151838
0.02137358464151838
0.02137358464151838
0.02137358464151838
0.02137358464151838
0.02137358464151838
0.02137358464151838
0.02137358464151838
0.02137358464151838
0.02137358464151838
0.02137358464151838
0.02137358464151838
0.02137358464151838
0.02137358464151838
0.02137358464151838
0.02137358464151838
0.02137358464151838
0.02137358464151838
0.02137358464151838
0.02137358464151838
0.4293216672100361
0.02137358464151838
0.02137358464151838
0.02137358464151838
0.02137358464151838
0.02137358464151838
0.02137358464151838
0.02137358464151838
0.02137358464151838
0.02137358464151838
0.02137358464151838
0.02137358464151838
0.02137358464151838
0.02137358464151838
0.016079794726997026
0.016079794726997026
0.012887728202645844
0.012887728202645844
0.012887728202645844
0.012887728202645844
0.012887728202645844
0.012887728202645844
0.012887728202645844
0.012887728202645844
0.012887728202645844
0.012887728202645844
0.012887728202645844
0.012887728202645844
0.012887728202645844
0.012887728202645844
0.012887728202645844
0.012887728202645844
0.012887728202645844
0.012887728202645844
0.012887728202645844
0.010753031170016109
0.010753031170016109
0.010753031170016109
0.010753031170016109
0.010753031170016109
0.010753031170016109
0.009225085570594212
0.009225085570594212
0.009225085570594212
0.009225085570594212
0.009225085570594212
0.009225085570594212
0.009225085570594212
0.009225085570594212
0.009225085570594212
0.009225085570594212
0.009225085570594212
0.2311034284212391
0.010753031170016109
0.010753031170016109
0.010753031170016109
0.010753031170016109
0.010753031170016109
0.009225085570594212
0.2311034284212391
0.010753031170016109
0.2730681196385128
0.012887728202645844
0.010753031170016109
0.010753031170016109
0.010753031170016109
0.010753031170016109
0.010753031170016109
0.010753031170016109
0.010753031170016109
0.010753031170016109
0.010753031170016109
0.010753031170016109
0.2730681196385128
0.012887728202645844
0.010753031170016109
0.010753031170016109
0.2730681196385128
0.012887728202645844
0.012887728202645844
0.012887728202645844
0.012887728202645844
0.012887728202645844
0.012887728202645844
0.012887728202645844
0.012887728202645844
0.012887728202645844
0.012887728202645844
0.012887728202645844
0.012887728202645844
0.012887728202645844
0.012887728202645844
0.012887728202645844
0.010753031170016109
0.010753031170016109
0.010753031170016109
0.010753031170016109
0.010753031170016109
0.010753031170016109
0.010753031170016109
0.010753031170016109
0.010753031170016109
0.010753031170016109
0.010753031170016109
0.010753031170016109
0.010753031170016109
0.009225085570594212
0.009225085570594212
0.009225085570594212
0.009225085570594212
0.009225085570594212
0.009225085570594212
0.008077290825723804
0.008077290825723804
0.008077290825723804
0.008077290825723804
0.007183598432081509
0.007183598432081509
0.007183598432081509
0.006467867773648423
0.006467867773648423
0.006467867773648423
0.006467867773648423
0.0058819141486648446
0.0058819141486648446
0.0058819141486648446
0.0058819141486648446
0.0058819141486648446
0.14318896074113982
0.006467867773648423
0.0058819141486648446
0.0058819141486648446
0.0058819141486648446
0.0058819141486648446
0.0058819141486648446
0.14318896074113982
0.006467867773648423
0.006467867773648423
0.006467867773648423
0.006467867773648423
0.006467867773648423
0.006467867773648423
0.006467867773648423
0.006467867773648423
0.0058819141486648446
0.14318896074113982
0.006467867773648423
0.006467867773648423
0.006467867773648423
0.15823096109548118
0.007183598432081509
0.007183598432081509
0.007183598432081509
0.007183598432081509
0.007183598432081509
0.007183598432081509
0.007183598432081509
0.007183598432081509
0.007183598432081509
0.007183598432081509
0.007183598432081509
0.006467867773648423
0.006467867773648423
0.006467867773648423
0.006467867773648423
0.006467867773648423
0.006467867773648423
0.006467867773648423
0.006467867773648423
0.006467867773648423
0.15823096109548118
0.007183598432081509
0.007183598432081509
0.007183598432081509
0.007183598432081509
0.007183598432081509
0.17680849479493474
0.008077290825723804
0.008077290825723804
0.008077290825723804
0.008077290825723804
0.008077290825723804
0.008077290825723804
0.008077290825723804
0.008077290825723804
0.008077290825723804
0.008077290825723804
0.008077290825723804
0.008077290825723804
0.008077290825723804
0.008077290825723804
0.008077290825723804
0.008077290825723804
0.008077290825723804
0.008077290825723804
0.008077290825723804
0.20033685006911323
0.009225085570594212
0.2311034284212391
0.010753031170016109
0.010753031170016109
0.010753031170016109
0.010753031170016109
0.010753031170016109
0.010753031170016109
0.010753031170016109
0.010753031170016109
0.010753031170016109
0.010753031170016109
0.010753031170016109
0.010753031170016109
0.010753031170016109
0.010753031170016109
0.010753031170016109
0.010753031170016109
0.010753031170016109
0.010753031170016109
0.010753031170016109
0.010753031170016109
0.010753031170016109
0.010753031170016109
0.010753031170016109
0.010753031170016109
0.010753031170016109
0.010753031170016109
0.010753031170016109
0.009225085570594212
0.009225085570594212
0.009225085570594212
0.009225085570594212
0.009225085570594212
0.009225085570594212
0.009225085570594212
0.009225085570594212
0.009225085570594212
0.009225085570594212
0.009225085570594212
0.008077290825723804
0.008077290825723804
0.008077290825723804
0.008077290825723804
0.20033685006911323
0.009225085570594212
0.009225085570594212
0.009225085570594212
0.009225085570594212
0.009225085570594212
0.2311034284212391
0.010753031170016109
0.2730681196385128
0.012887728202645844
0.012887728202645844
0.3337374074874806
0.016079794726997026
0.016079794726997026
0.4293216672100361
0.02137358464151838
0.02137358464151838
0.02137358464151838
0.02137358464151838
0.02137358464151838
0.02137358464151838
0.02137358464151838
0.02137358464151838
0.02137358464151838
0.6027516810668434
0.031864359735956686
0.031864359735956686
0.031864359735956686
0.031864359735956686
0.031864359735956686
0.031864359735956686
0.031864359735956686
0.031864359735956686
0.031864359735956686
0.031864359735956686
0.031864359735956686
0.031864359735956686
0.031864359735956686
0.031864359735956686
0.031864359735956686
0.031864359735956686
0.031864359735956686
0.031864359735956686
0.031864359735956686
0.031864359735956686
0.031864359735956686
0.031864359735956686
0.031864359735956686
0.031864359735956686
0.02137358464151838
0.02137358464151838
0.02137358464151838
0.02137358464151838
0.02137358464151838
0.02137358464151838
0.02137358464151838
0.02137358464151838
0.02137358464151838
0.02137358464151838
0.02137358464151838
0.02137358464151838
0.02137358464151838
0.02137358464151838
0.02137358464151838
0.02137358464151838
0.02137358464151838
0.016079794726997026
0.012887728202645844
0.010753031170016109
0.010753031170016109
0.010753031170016109
0.010753031170016109
0.010753031170016109
0.009225085570594212
0.009225085570594212
0.009225085570594212
0.009225085570594212
0.009225085570594212
0.009225085570594212
0.009225085570594212
0.009225085570594212
0.009225085570594212
0.009225085570594212
0.009225085570594212
0.009225085570594212
0.009225085570594212
0.009225085570594212
0.009225085570594212
0.009225085570594212
0.008077290825723804
0.008077290825723804
0.008077290825723804
0.008077290825723804
0.008077290825723804
0.008077290825723804
0.008077290825723804
0.008077290825723804
0.008077290825723804
0.008077290825723804
0.008077290825723804
0.008077290825723804
0.008077290825723804
0.008077290825723804
0.008077290825723804
0.008077290825723804
0.008077290825723804
0.008077290825723804
0.008077290825723804
0.008077290825723804
0.008077290825723804
0.008077290825723804
0.007183598432081509
0.007183598432081509
0.007183598432081509
0.007183598432081509
0.007183598432081509
0.007183598432081509
0.007183598432081509
0.006467867773648423
0.006467867773648423
0.15823096109548118
0.007183598432081509
0.007183598432081509
0.007183598432081509
0.007183598432081509
0.007183598432081509
0.007183598432081509
0.007183598432081509
0.007183598432081509
0.007183598432081509
0.007183598432081509
0.007183598432081509
0.17680849479493474
0.008077290825723804
0.008077290825723804
0.008077290825723804
0.008077290825723804
0.008077290825723804
0.008077290825723804
0.008077290825723804
0.008077290825723804
0.008077290825723804
0.008077290825723804
0.008077290825723804
0.008077290825723804
0.008077290825723804
0.008077290825723804
0.008077290825723804
0.008077290825723804
0.008077290825723804
0.008077290825723804
0.008077290825723804
0.008077290825723804
0.008077290825723804
0.008077290825723804
0.20033685006911323
0.009225085570594212
0.009225085570594212
0.009225085570594212
0.009225085570594212
0.009225085570594212
0.009225085570594212
0.009225085570594212
0.009225085570594212
0.009225085570594212
0.009225085570594212
0.009225085570594212
0.009225085570594212
0.009225085570594212
0.009225085570594212
0.009225085570594212
0.008077290825723804
0.008077290825723804
0.008077290825723804
0.008077290825723804
0.008077290825723804
0.008077290825723804
0.008077290825723804
0.008077290825723804
0.008077290825723804
0.008077290825723804
0.008077290825723804
0.008077290825723804
0.008077290825723804
0.20033685006911323
0.009225085570594212
0.009225085570594212
0.009225085570594212
0.009225085570594212
0.009225085570594212
0.009225085570594212
0.009225085570594212
0.009225085570594212
0.009225085570594212
0.009225085570594212
0.009225085570594212
0.009225085570594212
0.008077290825723804
0.008077290825723804
0.008077290825723804
0.20033685006911323
0.009225085570594212
0.2311034284212391
0.2730681196385128
0.012887728202645844
0.012887728202645844
0.012887728202645844
0.012887728202645844
0.3337374074874806
0.016079794726997026
0.016079794726997026
0.016079794726997026
0.016079794726997026
0.016079794726997026
0.012887728202645844
0.012887728202645844
0.012887728202645844
0.012887728202645844
0.012887728202645844
0.012887728202645844
0.012887728202645844
0.012887728202645844
0.012887728202645844
0.012887728202645844
0.3337374074874806
0.016079794726997026
0.016079794726997026
0.016079794726997026
0.016079794726997026
0.016079794726997026
0.016079794726997026
0.016079794726997026
0.016079794726997026
0.016079794726997026
0.016079794726997026
0.016079794726997026
0.016079794726997026
0.016079794726997026
0.016079794726997026
0.016079794726997026
0.016079794726997026
0.016079794726997026
0.016079794726997026
0.4293216672100361
0.02137358464151838
0.02137358464151838
0.02137358464151838
0.02137358464151838
0.02137358464151838
0.02137358464151838
0.02137358464151838
0.02137358464151838
0.02137358464151838
0.6027516810668434
0.031864359735956686
0.031864359735956686
0.031864359735956686
0.031864359735956686
0.031864359735956686
0.031864359735956686
0.02137358464151838
0.02137358464151838
0.016079794726997026
0.016079794726997026
0.016079794726997026
0.016079794726997026
0.016079794726997026
0.016079794726997026
0.016079794726997026
0.016079794726997026
0.016079794726997026
0.016079794726997026
0.016079794726997026
0.016079794726997026
0.016079794726997026
0.016079794726997026
0.016079794726997026
0.016079794726997026
0.016079794726997026
0.016079794726997026
0.016079794726997026
0.016079794726997026
0.016079794726997026
0.016079794726997026
0.016079794726997026
0.016079794726997026
0.016079794726997026
0.016079794726997026
0.016079794726997026
0.016079794726997026
0.016079794726997026
0.016079794726997026
0.016079794726997026
0.016079794726997026
0.016079794726997026
0.016079794726997026
0.016079794726997026
0.016079794726997026
0.016079794726997026
0.016079794726997026
0.016079794726997026
0.016079794726997026
0.016079794726997026
0.016079794726997026
0.016079794726997026
0.016079794726997026
0.016079794726997026
0.016079794726997026
0.016079794726997026
0.016079794726997026
0.016079794726997026
0.016079794726997026
0.016079794726997026
0.016079794726997026
0.016079794726997026
0.016079794726997026
0.016079794726997026
0.016079794726997026
0.016079794726997026
0.016079794726997026
0.016079794726997026
0.016079794726997026
0.016079794726997026
0.016079794726997026
0.016079794726997026
0.016079794726997026
0.016079794726997026
0.016079794726997026
0.016079794726997026
0.016079794726997026
0.016079794726997026
0.016079794726997026
0.4293216672100361
0.02137358464151838
0.02137358464151838
0.02137358464151838
0.02137358464151838
0.02137358464151838
0.02137358464151838
0.02137358464151838
0.02137358464151838
0.6027516810668434
0.031864359735956686
0.031864359735956686
0.031864359735956686
0.031864359735956686
0.031864359735956686
0.02137358464151838
0.02137358464151838
0.016079794726997026
0.016079794726997026
0.016079794726997026
0.016079794726997026
0.016079794726997026
0.016079794726997026
0.016079794726997026
0.016079794726997026
0.016079794726997026
0.016079794726997026
0.016079794726997026
0.016079794726997026
0.016079794726997026
0.016079794726997026
0.016079794726997026
0.016079794726997026
0.016079794726997026
0.016079794726997026
0.016079794726997026
0.016079794726997026
0.016079794726997026
0.016079794726997026
0.016079794726997026
0.016079794726997026
0.016079794726997026
0.016079794726997026
0.016079794726997026
0.016079794726997026
0.016079794726997026
0.016079794726997026
0.016079794726997026
0.016079794726997026
0.016079794726997026
0.016079794726997026
0.016079794726997026
0.016079794726997026
0.016079794726997026
0.016079794726997026
0.016079794726997026
0.016079794726997026
0.016079794726997026
0.016079794726997026
0.016079794726997026
0.016079794726997026
0.016079794726997026
0.016079794726997026
0.4293216672100361
0.02137358464151838
0.6027516810668434
0.031864359735956686
0.031864359735956686
0.031864359735956686
0.031864359735956686
0.031864359735956686
0.031864359735956686
0.031864359735956686
0.031864359735956686
0.031864359735956686
0.031864359735956686
0.02137358464151838
0.02137358464151838
0.02137358464151838
0.02137358464151838
0.02137358464151838
0.02137358464151838
0.02137358464151838
0.02137358464151838
0.016079794726997026
0.016079794726997026
0.016079794726997026
0.016079794726997026
0.016079794726997026
0.016079794726997026
0.016079794726997026
0.016079794726997026
0.016079794726997026
0.016079794726997026
0.016079794726997026
0.016079794726997026
0.016079794726997026
0.016079794726997026
0.016079794726997026
0.016079794726997026
0.016079794726997026
0.016079794726997026
0.016079794726997026
0.016079794726997026
0.016079794726997026
0.016079794726997026
0.016079794726997026
0.016079794726997026
0.016079794726997026
0.016079794726997026
0.016079794726997026
0.016079794726997026
0.016079794726997026
0.016079794726997026
0.016079794726997026
0.016079794726997026
0.016079794726997026
0.016079794726997026
0.016079794726997026
0.016079794726997026
0.016079794726997026
0.016079794726997026
0.016079794726997026
0.016079794726997026
0.016079794726997026
0.016079794726997026
0.016079794726997026
0.016079794726997026
0.016079794726997026
0.016079794726997026
0.016079794726997026
0.016079794726997026
0.016079794726997026
0.016079794726997026
0.016079794726997026
0.016079794726997026
0.016079794726997026
0.016079794726997026
0.012887728202645844
0.012887728202645844
0.012887728202645844
0.012887728202645844
0.012887728202645844
0.012887728202645844
0.012887728202645844
0.012887728202645844
0.012887728202645844
0.012887728202645844
0.012887728202645844
0.012887728202645844
0.3337374074874806
0.016079794726997026
0.4293216672100361
0.02137358464151838
0.02137358464151838
0.02137358464151838
0.02137358464151838
0.02137358464151838
0.02137358464151838
0.02137358464151838
0.02137358464151838
0.02137358464151838
0.02137358464151838
0.02137358464151838
0.02137358464151838
0.02137358464151838
0.02137358464151838
0.02137358464151838
0.02137358464151838
0.02137358464151838
0.02137358464151838
0.02137358464151838
0.02137358464151838
0.02137358464151838
0.02137358464151838
0.02137358464151838
0.02137358464151838
0.02137358464151838
0.02137358464151838
0.02137358464151838
0.02137358464151838
0.02137358464151838
0.02137358464151838
0.02137358464151838
0.02137358464151838
0.02137358464151838
0.02137358464151838
0.02137358464151838
0.02137358464151838
0.02137358464151838
0.02137358464151838
0.02137358464151838
0.02137358464151838
0.02137358464151838
0.6027516810668434
0.031864359735956686
0.031864359735956686
0.031864359735956686
0.031864359735956686
0.031864359735956686
0.031864359735956686
0.031864359735956686
0.031864359735956686
0.031864359735956686
0.031864359735956686
0.031864359735956686
0.031864359735956686
0.031864359735956686
0.031864359735956686
0.031864359735956686
0.02137358464151838
0.6027516810668434
0.031864359735956686
0.031864359735956686
0.031864359735956686
0.031864359735956686
0.031864359735956686
0.031864359735956686
0.031864359735956686
1.0211646177196398
0.06258450814680742
0.031864359735956686
0.031864359735956686
0.031864359735956686
0.02137358464151838
0.016079794726997026
0.016079794726997026
0.016079794726997026
0.016079794726997026
0.016079794726997026
0.016079794726997026
0.016079794726997026
0.016079794726997026
0.016079794726997026
0.016079794726997026
0.016079794726997026
0.016079794726997026
0.016079794726997026
0.012887728202645844
0.012887728202645844
0.012887728202645844
0.012887728202645844
0.012887728202645844
0.012887728202645844
0.012887728202645844
0.012887728202645844
0.012887728202645844
0.012887728202645844
0.012887728202645844
0.012887728202645844
0.012887728202645844
0.012887728202645844
0.012887728202645844
0.012887728202645844
0.012887728202645844
0.012887728202645844
0.012887728202645844
0.012887728202645844
0.012887728202645844
0.012887728202645844
0.012887728202645844
0.012887728202645844
0.012887728202645844
0.012887728202645844
0.012887728202645844
0.012887728202645844
0.012887728202645844
0.012887728202645844
0.012887728202645844
0.012887728202645844
0.012887728202645844
0.012887728202645844
0.012887728202645844
0.012887728202645844
0.3337374074874806
0.016079794726997026
0.016079794726997026
0.016079794726997026
0.016079794726997026
0.016079794726997026
0.016079794726997026
0.016079794726997026
0.016079794726997026
0.016079794726997026
0.016079794726997026
0.016079794726997026
0.016079794726997026
0.016079794726997026
0.016079794726997026
0.012887728202645844
0.012887728202645844
0.012887728202645844
0.012887728202645844
0.012887728202645844
0.012887728202645844
0.012887728202645844
0.012887728202645844
0.012887728202645844
0.012887728202645844
0.012887728202645844
0.012887728202645844
0.012887728202645844
0.012887728202645844
0.012887728202645844
0.012887728202645844
0.012887728202645844
0.012887728202645844
0.012887728202645844
0.012887728202645844
0.012887728202645844
0.012887728202645844
0.012887728202645844
0.012887728202645844
0.012887728202645844
0.010753031170016109
0.010753031170016109
0.010753031170016109
0.010753031170016109
0.010753031170016109
0.010753031170016109
0.010753031170016109
0.010753031170016109
0.010753031170016109
0.010753031170016109
0.010753031170016109
0.010753031170016109
0.010753031170016109
0.010753031170016109
0.010753031170016109
0.010753031170016109
0.010753031170016109
0.010753031170016109
0.010753031170016109
0.010753031170016109
0.010753031170016109
0.010753031170016109
0.010753031170016109
0.010753031170016109
0.010753031170016109
0.010753031170016109
0.010753031170016109
0.010753031170016109
0.010753031170016109
0.010753031170016109
0.010753031170016109
0.010753031170016109
0.010753031170016109
0.010753031170016109
0.010753031170016109
0.010753031170016109
0.010753031170016109
0.010753031170016109
0.010753031170016109
0.010753031170016109
0.010753031170016109
0.010753031170016109
0.010753031170016109
0.010753031170016109
0.2730681196385128
0.3337374074874806
0.016079794726997026
0.4293216672100361
0.02137358464151838
0.02137358464151838
0.02137358464151838
0.02137358464151838
0.02137358464151838
0.6027516810668434
0.031864359735956686
0.031864359735956686
0.031864359735956686
0.031864359735956686
0.031864359735956686
1.0211646177196398
0.06258450814680742
0.06258450814680742
0.06258450814680742
0.06258450814680742
0.06258450814680742
0.06258450814680742
0.06258450814680742
0.06258450814680742
0.06258450814680742
0.031864359735956686
0.031864359735956686
0.031864359735956686
0.031864359735956686
0.031864359735956686
0.031864359735956686
0.031864359735956686
0.031864359735956686
0.031864359735956686
0.031864359735956686
0.031864359735956686
0.031864359735956686
0.031864359735956686
0.031864359735956686
0.031864359735956686
0.031864359735956686
0.031864359735956686
0.031864359735956686
0.031864359735956686
0.031864359735956686
0.031864359735956686
0.031864359735956686
0.031864359735956686
0.031864359735956686
0.031864359735956686
0.031864359735956686
0.031864359735956686
0.031864359735956686
0.031864359735956686
0.031864359735956686
0.031864359735956686
0.031864359735956686
0.031864359735956686
0.031864359735956686
0.031864359735956686
0.031864359735956686
0.031864359735956686
0.031864359735956686
0.031864359735956686
0.031864359735956686
0.031864359735956686
1.0211646177196398
0.06258450814680742
0.06258450814680742
0.06258450814680742
0.06258450814680742
0.06258450814680742
0.06258450814680742
0.06258450814680742
0.06258450814680742
0.06258450814680742
0.06258450814680742
0.06258450814680742
0.06258450814680742
0.06258450814680742
0.06258450814680742
0.06258450814680742
0.06258450814680742
0.06258450814680742
0.06258450814680742
0.06258450814680742
0.06258450814680742
0.06258450814680742
0.06258450814680742
0.06258450814680742
0.06258450814680742
0.06258450814680742
0.06258450814680742
0.06258450814680742
6.14295818725961
2.0000000054956706
2.0000000054956706
2.0000000054956706
2.0000000054956706
2.0000000054956706
2.0000000054956706
2.0000000054956706
2.0000000054956706
2.0000000054956706
2.0000000054956706
2.0000000054956706
2.0000000054956706
2.0000000054956706
2.0000000054956706
2.0000000054956706
2.0000000054956706
2.0000000054956706
2.0000000054956706
2.0000000054956706
2.0000000054956706
2.0000000054956706
2.0000000054956706
2.0000000054956706
2.0000000054956706
2.0000000054956706
2.0000000054956706
2.0000000054956706
2.0000000054956706
2.0000000054956706
2.0000000054956706
2.0000000054956706
2.0000000054956706
2.0000000054956706
2.0000000054956706
2.0000000054956706
2.0000000054956706
2.0000000054956706
